"Date","Time","Open","High","Low","Close","Vol","OI"
10/03/2022,16:00,19.71,21.01,19.36,20.66,223611285,0
10/04/2022,16:00,21.90,22.77,21.89,22.58,231661842,0
10/05/2022,16:00,21.67,23.00,21.01,22.58,229199463,0
10/06/2022,16:00,22.30,23.06,21.92,22.01,237543591,0
10/07/2022,16:00,20.88,20.91,19.16,19.50,250972638,0
10/10/2022,16:00,19.52,19.61,18.30,18.89,206499801,0
10/11/2022,16:00,18.52,19.14,17.74,18.14,264873490,0
10/12/2022,16:00,18.23,18.64,17.93,18.10,200741873,0
10/13/2022,16:00,16.52,19.62,16.32,19.31,414753605,0
10/14/2022,16:00,19.85,19.98,17.46,17.57,335066306,0
10/17/2022,16:00,18.81,19.50,18.80,19.30,230025403,0
10/18/2022,16:00,20.87,21.00,19.17,19.78,346276949,0
10/19/2022,16:00,19.41,20.24,19.01,19.54,259851093,0
10/20/2022,16:00,19.33,20.47,18.96,19.21,264851479,0
10/21/2022,16:00,18.98,20.69,18.73,20.57,313729020,0
10/24/2022,16:00,20.63,21.47,19.80,21.27,274621988,0
10/25/2022,16:00,21.48,22.64,21.47,22.55,238399802,0
10/26/2022,16:00,21.18,22.50,20.93,21.06,282519762,0
10/27/2022,16:00,20.79,21.12,19.77,19.90,256629412,0
10/28/2022,16:00,19.75,21.81,19.71,21.70,255388631,0
10/31/2022,16:00,21.18,21.37,20.49,20.95,209561132,0
11/01/2022,16:00,21.74,21.87,20.21,20.30,215232441,0
11/02/2022,16:00,20.28,20.98,18.18,18.20,331476264,0
11/03/2022,16:00,17.65,17.95,17.04,17.15,212231762,0
11/04/2022,16:00,18.13,18.35,16.85,17.95,382370168,0
11/07/2022,16:00,18.16,18.64,17.71,18.52,200943411,0
11/08/2022,16:00,18.85,19.62,18.09,18.92,296056310,0
11/09/2022,16:00,18.53,18.70,17.53,17.60,215569120,0
11/10/2022,16:00,20.15,21.54,19.70,21.45,328442358,0
11/11/2022,16:00,21.43,22.83,21.12,22.67,307134205,0
11/14/2022,16:00,22.17,22.96,21.82,22.07,214225934,0
11/15/2022,16:00,23.65,23.95,22.18,22.96,318265675,0
11/16/2022,16:00,22.50,22.58,21.82,22.03,191679351,0
11/17/2022,16:00,20.95,22.21,20.91,21.86,213462157,0
11/18/2022,16:00,22.56,22.58,21.28,21.84,194788520,0
11/21/2022,16:00,21.52,21.80,20.97,21.18,144111252,0
11/22/2022,16:00,21.33,22.10,20.83,22.07,146238628,0
11/23/2022,16:00,22.05,22.87,22.01,22.73,178783485,0
11/25/2022,16:00,22.34,22.50,22.15,22.26,67376495,0
11/28/2022,16:00,21.80,22.27,21.06,21.28,132142668,0
11/29/2022,16:00,21.32,21.42,20.47,20.77,137902727,0
11/30/2022,16:00,20.85,23.65,20.65,23.56,272734914,0
12/01/2022,16:00,23.70,24.17,23.01,23.69,205503622,0
12/02/2022,16:00,22.45,23.63,22.39,23.41,181655021,0
12/05/2022,16:00,22.88,23.20,21.86,22.23,150989965,0
12/06/2022,16:00,22.18,22.21,20.50,20.82,169900491,0
12/07/2022,16:00,20.56,21.03,20.18,20.57,173667895,0
12/08/2022,16:00,20.87,21.50,20.39,21.30,188920095,0
12/09/2022,16:00,21.05,21.69,20.77,20.89,177003936,0
12/12/2022,16:00,20.91,21.66,20.67,21.65,112827494,0
12/13/2022,16:00,24.18,24.23,21.72,22.33,347692783,0
12/14/2022,16:00,22.21,22.99,21.08,21.80,289455464,0
12/15/2022,16:00,20.86,21.03,19.35,19.64,214026566,0
12/16/2022,16:00,19.48,19.81,18.71,19.06,175642070,0
12/19/2022,16:00,19.10,19.13,17.98,18.27,155266496,0
12/20/2022,16:00,18.00,18.56,17.67,18.19,172881234,0
12/21/2022,16:00,18.41,19.25,18.23,18.98,163187260,0
12/22/2022,16:00,18.23,18.25,16.58,17.54,230450233,0
12/23/2022,16:00,17.21,17.72,16.83,17.59,165067336,0
12/27/2022,16:00,17.46,17.48,16.72,16.84,131600334,0
12/28/2022,16:00,16.75,17.20,16.10,16.16,182434593,0
12/29/2022,16:00,16.67,17.50,16.53,17.30,153054865,0
12/30/2022,16:00,16.76,17.30,16.50,17.30,150970563,0
01/03/2023,16:00,17.74,18.04,16.47,16.91,179925857,0
01/04/2023,16:00,17.33,17.49,16.54,17.17,217636421,0
01/05/2023,16:00,16.81,16.85,16.28,16.36,181252011,0
01/06/2023,16:00,16.65,17.90,16.10,17.64,233447636,0
01/09/2023,16:00,18.08,18.96,17.89,18.01,186021439,0
01/10/2023,16:00,17.82,18.49,17.70,18.49,164361460,0
01/11/2023,16:00,18.69,19.44,18.52,19.41,151274959,0
01/12/2023,16:00,19.52,19.92,18.59,19.71,280926257,0
01/13/2023,16:00,19.17,20.17,19.10,20.10,159783033,0
01/17/2023,16:00,20.06,20.51,19.81,20.21,139757931,0
01/18/2023,16:00,20.58,20.91,19.39,19.46,186650065,0
01/19/2023,16:00,19.07,19.31,18.58,18.85,166370730,0
01/20/2023,16:00,19.18,20.45,18.96,20.39,161325221,0
01/23/2023,16:00,20.55,22.00,20.38,21.73,194042071,0
01/24/2023,16:00,21.36,21.87,21.24,21.60,145006451,0
01/25/2023,16:00,20.56,21.59,19.98,21.44,218083551,0
01/26/2023,16:00,22.22,22.72,21.60,22.68,203418890,0
01/27/2023,16:00,22.36,23.82,22.33,23.33,188411120,0
01/30/2023,16:00,22.55,22.90,21.85,21.93,173907982,0
01/31/2023,16:00,21.94,22.92,21.90,22.91,158256926,0
02/01/2023,16:00,22.86,24.95,22.36,24.39,271638824,0
02/02/2023,16:00,25.96,27.45,25.75,26.91,267885091,0
02/03/2023,16:00,25.21,27.14,25.11,25.52,267404217,0
02/06/2023,16:00,24.85,25.45,24.52,24.87,161816206,0
02/07/2023,16:00,24.83,26.69,24.54,26.41,259894644,0
02/08/2023,16:00,26.05,26.30,24.81,24.99,181257193,0
02/09/2023,16:00,26.05,26.09,23.93,24.32,197598411,0
02/10/2023,16:00,23.76,24.26,23.22,23.82,183931672,0
02/13/2023,16:00,24.14,25.10,23.85,24.95,139869852,0
02/14/2023,16:00,24.54,25.74,24.05,25.49,255737195,0
02/15/2023,16:00,25.02,26.10,24.85,26.06,138652614,0
02/16/2023,16:00,24.83,25.87,24.53,24.57,194496490,0
02/17/2023,16:00,24.03,24.23,23.30,24.04,194902418,0
02/21/2023,16:00,23.10,23.45,22.29,22.35,150468750,0
02/22/2023,16:00,22.45,22.85,21.98,22.37,167338744,0
02/23/2023,16:00,23.19,23.23,21.95,22.93,179769958,0
02/24/2023,16:00,21.75,22.03,21.35,21.77,172781804,0
02/27/2023,16:00,22.48,22.80,22.10,22.24,138754366,0
02/28/2023,16:00,22.08,22.72,22.00,22.13,127315772,0
03/01/2023,16:00,22.06,22.21,21.37,21.59,154386882,0
03/02/2023,16:00,21.01,22.30,20.95,22.11,159491951,0
03/03/2023,16:00,22.50,23.53,22.38,23.46,151676603,0
03/06/2023,16:00,23.76,24.48,23.50,23.56,151849878,0
03/07/2023,16:00,23.56,23.78,22.52,22.68,176331480,0
03/08/2023,16:00,22.75,23.14,22.33,22.99,145492831,0
03/09/2023,16:00,23.11,23.71,21.59,21.78,196833664,0
03/10/2023,16:00,21.82,22.16,20.62,20.88,314857629,0
03/13/2023,16:00,20.47,22.15,20.13,21.33,329540746,0
03/14/2023,16:00,22.12,22.91,21.92,22.78,217162924,0
03/15/2023,16:00,22.17,23.22,21.83,23.11,274559449,0
03/16/2023,16:00,22.88,25.03,22.72,24.94,229016406,0
03/17/2023,16:00,24.93,25.51,24.10,24.57,201770283,0
03/20/2023,16:00,24.43,24.92,23.89,24.83,164177962,0
03/21/2023,16:00,25.31,26.00,24.93,25.88,135145140,0
03/22/2023,16:00,25.71,26.96,24.65,24.68,237918087,0
03/23/2023,16:00,25.60,26.61,24.88,25.56,196497151,0
03/24/2023,16:00,25.44,25.84,24.84,25.82,169794700,0
03/27/2023,16:00,25.99,26.26,25.06,25.29,136795565,0
03/28/2023,16:00,25.14,25.14,24.29,24.87,118020736,0
03/29/2023,16:00,25.76,26.37,25.57,26.23,119365269,0
03/30/2023,16:00,26.82,27.09,26.49,26.94,130149966,0
03/31/2023,16:00,27.00,28.32,26.91,28.26,127022074,0
04/03/2023,16:00,27.68,28.12,27.33,28.06,125116328,0
04/04/2023,16:00,28.16,28.43,27.42,27.78,116090395,0
04/05/2023,16:00,27.47,27.52,26.41,26.89,129137040,0
04/06/2023,16:00,26.46,27.56,26.11,27.43,120960302,0
04/10/2023,16:00,26.64,27.38,26.17,27.37,118528799,0
04/11/2023,16:00,27.36,27.37,26.70,26.84,104260806,0
04/12/2023,16:00,27.34,27.49,26.00,26.13,174019319,0
04/13/2023,16:00,26.53,27.74,26.49,27.63,123761542,0
04/14/2023,16:00,27.21,27.93,26.70,27.47,142666088,0
04/17/2023,16:00,27.35,27.62,26.81,27.50,114308906,0
04/18/2023,16:00,28.07,28.18,27.20,27.52,106414940,0
04/19/2023,16:00,26.87,27.74,26.84,27.46,95925348,0
04/20/2023,16:00,26.67,27.58,26.47,26.82,136847574,0
04/21/2023,16:00,26.70,27.09,26.25,26.87,114444046,0
04/24/2023,16:00,26.81,27.17,26.14,26.71,107645387,0
04/25/2023,16:00,26.28,26.45,25.17,25.20,138288044,0
04/26/2023,16:00,26.02,26.39,25.51,25.62,124862303,0
04/27/2023,16:00,26.56,27.83,26.39,27.69,127815635,0
04/28/2023,16:00,27.64,28.28,27.33,28.25,130536062,0
05/01/2023,16:00,28.14,28.53,27.87,28.17,89001262,0
05/02/2023,16:00,28.14,28.22,26.96,27.42,124656029,0
05/03/2023,16:00,27.50,28.20,26.83,26.88,170133774,0
05/04/2023,16:00,26.78,27.08,26.28,26.58,121310843,0
05/05/2023,16:00,27.12,28.46,27.03,28.21,97801633,0
05/08/2023,16:00,28.10,28.54,27.82,28.44,75738467,0
05/09/2023,16:00,27.99,28.22,27.81,27.89,64840736,0
05/10/2023,16:00,28.52,29.02,27.87,28.79,151550962,0
05/11/2023,16:00,28.91,29.19,28.49,29.03,97341453,0
05/12/2023,16:00,29.18,29.30,28.17,28.73,105381710,0
05/15/2023,16:00,28.85,29.25,28.43,29.17,86467631,0
05/16/2023,16:00,28.98,29.74,28.96,29.28,79663461,0
05/17/2023,16:00,29.55,30.48,29.23,30.33,101104633,0
05/18/2023,16:00,30.40,32.04,30.40,31.96,135933818,0
05/19/2023,16:00,32.03,32.24,31.45,31.74,99029203,0
05/22/2023,16:00,31.68,32.36,31.67,32.07,83312358,0
05/23/2023,16:00,31.56,31.90,30.73,30.83,106314966,0
05/24/2023,16:00,30.27,30.70,29.77,30.33,117972535,0
05/25/2023,16:00,32.36,32.87,31.68,32.52,130873504,0
05/26/2023,16:00,32.81,35.25,32.79,34.98,126392243,0
05/30/2023,16:00,36.31,36.67,35.04,35.47,135306375,0
05/31/2023,16:00,34.97,35.59,34.40,34.75,105144466,0
06/01/2023,16:00,34.74,36.43,34.41,36.01,108379598,0
06/02/2023,16:00,36.56,37.19,36.01,36.82,108252775,0
06/05/2023,16:00,36.76,37.70,36.56,36.90,103130933,0
06/06/2023,16:00,36.69,37.16,36.26,36.86,79754516,0
06/07/2023,16:00,36.94,37.56,34.77,34.98,114242720,0
06/08/2023,16:00,35.02,36.38,34.95,36.18,94076943,0
06/09/2023,16:00,36.68,37.62,36.20,36.62,103972012,0
06/12/2023,16:00,37.15,38.51,36.84,38.49,77977891,0
06/13/2023,16:00,39.37,39.63,38.32,39.35,133267142,0
06/14/2023,16:00,39.35,40.30,38.42,40.19,152656482,0
06/15/2023,16:00,39.74,42.09,39.51,41.60,127936997,0
06/16/2023,16:00,42.41,42.44,40.65,40.80,112405206,0
06/20/2023,16:00,40.29,41.08,39.60,40.60,84124889,0
06/21/2023,16:00,40.08,40.22,38.50,38.85,99633324,0
06/22/2023,16:00,38.37,40.19,38.24,40.14,105099633,0
06/23/2023,16:00,38.83,39.71,38.38,38.95,112576217,0
06/26/2023,16:00,38.76,39.67,37.34,37.41,108450030,0
06/27/2023,16:00,37.85,39.50,37.60,39.26,97677018,0
06/28/2023,16:00,38.67,40.14,38.63,39.50,108676267,0
06/29/2023,16:00,39.36,39.56,38.67,39.23,99133226,0
06/30/2023,16:00,40.40,41.35,40.29,41.00,92154386,0
07/03/2023,16:00,41.20,41.49,40.84,41.28,39934028,0
07/05/2023,16:00,40.72,41.84,40.71,41.25,69503675,0
07/06/2023,16:00,39.97,40.42,39.29,40.28,85236667,0
07/07/2023,16:00,40.19,41.26,39.78,39.87,84312424,0
07/10/2023,16:00,39.76,40.11,38.93,39.90,86006812,0
07/11/2023,16:00,40.02,40.62,39.30,40.47,81239342,0
07/12/2023,16:00,41.83,42.44,41.15,41.97,115167662,0
07/13/2023,16:00,43.02,44.36,42.83,44.06,82386624,0
07/14/2023,16:00,44.22,45.36,43.72,44.02,93028164,0
07/17/2023,16:00,44.28,45.57,44.11,45.24,72762633,0
07/18/2023,16:00,45.02,46.84,44.31,46.32,98316830,0
07/19/2023,16:00,46.73,47.14,45.82,46.32,100286930,0
07/20/2023,16:00,45.16,45.70,42.69,43.07,116931412,0
07/21/2023,16:00,43.88,44.18,42.51,42.69,102554325,0
07/24/2023,16:00,42.98,43.31,42.20,42.86,63214612,0
07/25/2023,16:00,43.08,44.28,43.08,43.72,69099563,0
07/26/2023,16:00,43.32,43.85,42.44,43.27,102882257,0
07/27/2023,16:00,45.11,45.69,42.45,42.90,130551596,0
07/28/2023,16:00,44.30,45.59,44.13,45.22,102243838,0
07/31/2023,16:00,45.33,45.71,44.82,45.31,79504586,0
08/01/2023,16:00,44.79,45.23,44.21,44.96,77245627,0
08/02/2023,16:00,43.69,43.70,41.53,42.02,129022026,0
08/03/2023,16:00,41.11,42.46,41.05,41.72,101348926,0
08/04/2023,16:00,42.39,43.17,40.97,41.14,123726423,0
08/07/2023,16:00,41.73,42.20,40.94,42.16,74896059,0
08/08/2023,16:00,41.29,41.29,40.00,41.08,94390003,0
08/09/2023,16:00,41.16,41.21,39.45,39.71,99715266,0
08/10/2023,16:00,40.66,41.75,39.37,39.89,130277051,0
08/11/2023,16:00,39.03,39.68,38.60,39.09,100786881,0
08/14/2023,16:00,38.83,40.44,38.60,40.39,71276790,0
08/15/2023,16:00,40.07,40.34,38.88,39.15,81276764,0
08/16/2023,16:00,38.92,39.42,37.82,37.85,95110975,0
08/17/2023,16:00,38.25,38.36,36.43,36.57,105116378,0
08/18/2023,16:00,35.53,36.81,35.37,36.40,123500980,0
08/21/2023,16:00,36.87,38.38,36.71,38.16,95743562,0
08/22/2023,16:00,38.97,38.98,37.77,37.99,90393034,0
08/23/2023,16:00,38.35,40.12,38.28,39.78,87727009,0
08/24/2023,16:00,40.88,40.91,37.10,37.16,116198600,0
08/25/2023,16:00,37.43,38.56,36.35,38.04,139144691,0
08/28/2023,16:00,38.95,39.17,38.08,38.89,91320515,0
08/29/2023,16:00,38.80,41.52,38.69,41.37,93747831,0
08/30/2023,16:00,41.43,42.28,41.08,42.06,92979132,0
08/31/2023,16:00,42.04,42.98,42.02,42.44,81121447,0
09/01/2023,16:00,43.21,43.36,41.75,42.29,82529193,0
09/05/2023,16:00,41.97,42.82,41.66,42.40,61889339,0
09/06/2023,16:00,42.14,42.24,40.58,41.28,74029096,0
09/07/2023,16:00,39.74,40.60,39.38,40.38,84311499,0
09/08/2023,16:00,40.31,41.24,40.17,40.50,74847789,0
09/11/2023,16:00,41.49,42.09,40.84,41.88,70856404,0
09/12/2023,16:00,41.34,41.81,40.40,40.54,77762059,0
09/13/2023,16:00,40.58,41.49,40.19,40.94,85424685,0
09/14/2023,16:00,41.50,42.24,40.80,41.90,76189878,0
09/15/2023,16:00,41.45,41.59,39.43,39.75,89919829,0
09/18/2023,16:00,39.43,40.22,39.33,39.84,62399102,0
09/19/2023,16:00,39.41,39.83,38.60,39.60,74370736,0
09/20/2023,16:00,39.77,39.90,37.70,37.75,98019232,0
09/21/2023,16:00,36.55,36.78,35.57,35.60,108410565,0
09/22/2023,16:00,36.13,36.78,35.52,35.63,94090632,0
09/25/2023,16:00,35.31,36.14,35.01,36.10,81269205,0
09/26/2023,16:00,35.31,35.48,34.17,34.49,105339743,0
09/27/2023,16:00,34.81,35.27,33.63,34.70,128435797,0
09/28/2023,16:00,34.39,36.17,34.13,35.54,134072893,0
09/29/2023,16:00,36.58,37.00,35.23,35.62,143429055,0
10/02/2023,16:00,35.67,36.90,35.48,36.47,118231617,0
10/03/2023,16:00,35.71,36.39,34.04,34.54,133269526,0
10/04/2023,16:00,34.78,36.19,34.64,35.94,126379628,0
10/05/2023,16:00,35.89,36.00,34.50,35.56,109003076,0
10/06/2023,16:00,34.65,37.69,34.41,37.35,147448715,0
10/09/2023,16:00,36.61,38.09,36.14,37.90,105483032,0
10/10/2023,16:00,38.01,39.37,37.85,38.52,108054751,0
10/11/2023,16:00,38.94,39.41,38.40,39.34,95855425,0
10/12/2023,16:00,39.47,40.05,38.12,38.88,118254613,0
10/13/2023,16:00,39.09,39.28,36.97,37.41,130093765,0
10/16/2023,16:00,37.82,39.00,37.77,38.67,86576077,0
10/17/2023,16:00,37.52,38.82,36.85,38.30,105193461,0
10/18/2023,16:00,37.47,38.18,36.33,36.68,131582598,0
10/19/2023,16:00,37.15,37.51,35.44,35.70,185025168,0
10/20/2023,16:00,35.52,35.70,34.02,34.09,138861395,0
10/23/2023,16:00,33.68,35.41,33.06,34.39,131799503,0
10/24/2023,16:00,34.90,35.59,34.40,35.36,122537254,0
10/25/2023,16:00,34.63,34.68,32.58,32.77,164181614,0
10/26/2023,16:00,32.38,32.64,30.47,30.86,187023695,0
10/27/2023,16:00,31.58,32.23,30.95,31.30,147351082,0
10/30/2023,16:00,31.95,32.69,31.58,32.31,132152801,0
10/31/2023,16:00,32.32,32.89,31.60,32.78,111461831,0
11/01/2023,16:00,33.00,34.63,32.97,34.47,166317806,0
11/02/2023,16:00,35.76,36.38,35.40,36.30,117067047,0
11/03/2023,16:00,36.70,37.98,36.63,37.58,114330614,0
11/06/2023,16:00,37.81,38.21,37.32,38.01,91799830,0
11/07/2023,16:00,38.35,39.37,37.97,39.08,102251119,0
11/08/2023,16:00,39.20,39.43,38.43,39.15,93980052,0
11/09/2023,16:00,39.34,39.71,38.06,38.22,129182608,0
11/10/2023,16:00,38.75,40.83,38.58,40.77,124790853,0
11/13/2023,16:00,40.25,40.73,39.75,40.40,90215210,0
11/14/2023,16:00,42.47,43.28,42.29,42.94,116776212,0
11/15/2023,16:00,43.62,43.78,42.60,43.06,109216251,0
11/16/2023,16:00,42.76,43.21,42.33,43.13,89022468,0
11/17/2023,16:00,42.88,43.50,42.57,43.16,78934433,0
11/20/2023,16:00,43.15,44.95,43.14,44.70,83291267,0
11/21/2023,16:00,44.09,44.16,43.29,43.89,74137637,0
11/22/2023,16:00,44.57,45.42,44.05,44.40,85929175,0
11/24/2023,16:00,44.25,44.45,43.85,44.18,31987709,0
11/27/2023,16:00,44.01,44.74,43.77,44.05,60928200,0
11/28/2023,16:00,43.80,44.60,43.67,44.40,79174530,0
11/29/2023,16:00,45.24,45.73,44.13,44.24,88761563,0
11/30/2023,16:00,44.30,44.46,42.84,43.87,93197251,0
12/01/2023,16:00,43.49,44.44,42.92,44.24,86468789,0
12/04/2023,16:00,42.91,43.07,41.73,42.98,90571804,0
12/05/2023,16:00,42.31,43.70,42.26,43.29,83770217,0
12/06/2023,16:00,44.28,44.32,42.41,42.52,81500273,0
12/07/2023,16:00,43.48,44.54,43.11,44.30,81377726,0
12/08/2023,16:00,43.65,45.00,43.59,44.83,90894450,0
12/11/2023,16:00,44.67,46.08,44.60,45.97,75770017,0
12/12/2023,16:00,45.98,47.10,45.57,47.08,71449741,0
12/13/2023,16:00,47.38,49.07,47.10,48.74,115040663,0
12/14/2023,16:00,49.25,49.73,47.55,48.66,101348862,0
12/15/2023,16:00,48.94,49.79,48.70,49.24,78365489,0
12/18/2023,16:00,49.49,50.60,49.37,50.27,58217985,0
12/19/2023,16:00,50.42,51.06,50.36,51.02,60174797,0
12/20/2023,16:00,50.48,51.27,48.46,48.54,88082510,0
12/21/2023,16:00,49.89,50.27,48.94,50.15,74544711,0
12/22/2023,16:00,50.60,50.94,49.64,50.35,66210036,0
12/26/2023,16:00,50.64,51.51,50.62,51.27,43685609,0
12/27/2023,16:00,51.35,51.66,51.02,51.54,55747788,0
12/28/2023,16:00,51.92,52.01,51.27,51.41,42884113,0
12/29/2023,16:00,51.38,51.52,50.00,50.70,67122688,0
01/02/2024,16:00,49.35,49.43,47.27,48.13,88135330,0
01/03/2024,16:00,47.17,47.54,46.43,46.59,83906123,0
01/04/2024,16:00,45.87,46.97,45.73,45.81,71867708,0
01/05/2024,16:00,45.86,46.92,45.47,45.98,85240759,0
01/08/2024,16:00,46.39,48.90,46.33,48.75,67687074,0
01/09/2024,16:00,47.66,49.41,47.61,49.07,74215767,0
01/10/2024,16:00,49.17,50.41,48.84,50.04,73810511,0
01/11/2024,16:00,50.45,50.97,48.40,50.28,95114158,0
01/12/2024,16:00,50.67,50.98,49.84,50.34,64107040,0
01/16/2024,16:00,49.88,50.91,49.33,50.31,72937014,0
01/17/2024,16:00,49.07,49.59,47.87,49.44,83277288,0
01/18/2024,16:00,50.59,51.72,50.11,51.56,91070426,0
01/19/2024,16:00,52.32,54.62,52.10,54.54,93179737,0
01/22/2024,16:00,55.41,55.92,54.51,54.76,74828256,0
01/23/2024,16:00,55.01,55.48,54.28,55.41,56086001,0
01/24/2024,16:00,56.95,57.90,56.12,56.32,89859289,0
01/25/2024,16:00,57.26,57.53,55.52,56.48,75697602,0
01/26/2024,16:00,55.68,56.39,55.18,55.44,64191290,0
01/29/2024,16:00,55.61,57.20,55.34,57.07,57988590,0
01/30/2024,16:00,56.69,56.92,55.60,55.93,59777219,0
01/31/2024,16:00,54.19,54.98,52.58,52.64,101725798,0
02/01/2024,16:00,53.29,54.64,52.91,54.50,81130731,0
02/02/2024,16:00,55.18,57.68,54.79,57.24,99252481,0
02/05/2024,16:00,57.19,57.42,55.57,56.95,69973880,0
02/06/2024,16:00,57.38,57.64,55.64,56.62,70062112,0
02/07/2024,16:00,57.69,58.66,57.17,58.31,65911717,0
02/08/2024,16:00,58.31,58.89,58.02,58.55,49461067,0
02/09/2024,16:00,59.03,60.61,58.71,60.27,55111003,0
02/12/2024,16:00,60.21,61.14,59.28,59.56,58127494,0
02/13/2024,16:00,56.24,57.87,55.44,56.74,94466455,0
02/14/2024,16:00,57.80,58.75,56.86,58.54,78075715,0
02/15/2024,16:00,58.81,59.21,57.73,59.03,65028589,0
02/16/2024,16:00,59.16,59.21,57.11,57.41,75966471,0
02/20/2024,16:00,56.58,57.18,54.55,56.08,81660547,0
02/21/2024,16:00,54.97,55.42,53.82,55.38,77293151,0
02/22/2024,16:00,58.78,60.60,58.49,60.17,89639615,0
02/23/2024,16:00,60.83,61.22,59.22,59.62,70195400,0
02/26/2024,16:00,59.94,60.37,59.43,59.54,54937679,0
02/27/2024,16:00,59.96,60.09,58.87,59.91,54699868,0
02/28/2024,16:00,59.03,59.53,58.55,58.94,61751698,0
02/29/2024,16:00,60.08,60.85,58.78,60.36,68479880,0
03/01/2024,16:00,60.75,63.51,60.73,63.13,70479840,0
03/04/2024,16:00,63.09,63.28,62.31,62.38,60209281,0
03/05/2024,16:00,61.10,61.10,58.02,59.04,96603453,0
03/06/2024,16:00,60.74,61.43,59.35,60.13,90838664,0
03/07/2024,16:00,61.55,63.32,60.91,62.81,71185447,0
03/08/2024,16:00,62.92,64.13,59.77,60.06,148225630,0
03/11/2024,16:00,59.41,59.88,58.56,59.36,73384978,0
03/12/2024,16:00,60.29,62.04,58.96,61.88,85279972,0
03/13/2024,16:00,61.44,61.46,59.97,60.44,71889870,0
03/14/2024,16:00,60.87,61.10,58.79,59.95,81240179,0
03/15/2024,16:00,58.69,58.92,57.29,57.76,70441908,0
03/18/2024,16:00,59.88,60.80,59.29,59.39,64596873,0
03/19/2024,16:00,58.54,59.98,57.68,59.80,59404997,0
03/20/2024,16:00,60.07,61.83,59.36,61.70,78277959,0
03/21/2024,16:00,63.75,63.95,62.42,62.50,63270936,0
03/22/2024,16:00,62.27,63.17,61.90,62.63,45787397,0
03/25/2024,16:00,61.48,62.63,61.06,61.99,43334664,0
03/26/2024,16:00,62.61,63.01,61.28,61.41,46992994,0
03/27/2024,16:00,62.57,62.63,60.71,61.95,55694322,0
03/28/2024,16:00,61.89,62.23,61.40,61.56,43511650,0
04/01/2024,16:00,61.92,62.99,61.12,61.94,56145253,0
04/02/2024,16:00,59.87,60.42,59.00,60.28,54836364,0
04/03/2024,16:00,59.40,61.46,59.38,60.68,55841892,0
04/04/2024,16:00,62.35,62.61,57.74,57.82,83760190,0
04/05/2024,16:00,58.40,60.93,58.06,59.86,77448632,0
04/08/2024,16:00,60.21,60.66,59.31,59.90,44862710,0
04/09/2024,16:00,60.81,60.94,58.58,60.52,60155937,0
04/10/2024,16:00,58.36,59.28,58.06,58.93,101040254,0
04/11/2024,16:00,59.61,62.06,58.68,61.70,73465587,0
04/12/2024,16:00,59.88,60.35,58.12,58.72,86294903,0
04/15/2024,16:00,60.20,60.23,55.44,55.77,101828092,0
04/16/2024,16:00,55.69,56.81,55.24,55.78,81883055,0
04/17/2024,16:00,56.54,56.55,53.35,53.71,85513176,0
04/18/2024,16:00,53.89,54.56,52.51,52.75,86390768,0
04/19/2024,16:00,52.28,52.47,48.85,49.48,125403822,0
04/22/2024,16:00,50.38,51.77,49.17,50.92,71302374,0
04/23/2024,16:00,51.62,53.62,51.49,53.19,75917526,0
04/24/2024,16:00,54.32,54.91,52.83,53.71,72158392,0
04/25/2024,16:00,50.90,53.19,50.48,52.85,86413647,0
04/26/2024,16:00,54.03,55.87,53.77,55.28,67997318,0
04/29/2024,16:00,56.08,56.33,54.88,55.94,51177477,0
04/30/2024,16:00,55.30,55.85,52.73,52.74,62624286,0
05/01/2024,16:00,52.15,54.80,51.27,51.60,104038426,0
05/02/2024,16:00,52.92,53.85,51.20,53.51,62414949,0
05/03/2024,16:00,56.33,57.11,55.73,56.70,75439019,0
05/06/2024,16:00,57.42,58.60,57.12,58.56,41265370,0
05/07/2024,16:00,58.72,59.23,58.28,58.56,46660191,0
05/08/2024,16:00,57.50,59.02,57.45,58.45,39013598,0
05/09/2024,16:00,58.50,59.00,57.75,58.77,40719623,0
05/10/2024,16:00,59.36,60.07,58.54,59.17,46334849,0
05/13/2024,16:00,59.92,59.97,58.98,59.56,33861003,0
05/14/2024,16:00,59.36,60.90,59.28,60.67,46476431,0
05/15/2024,16:00,61.69,63.62,61.06,63.47,65240719,0
05/16/2024,16:00,63.36,64.20,62.99,63.08,43857620,0
05/17/2024,16:00,63.09,63.36,62.02,62.94,35049847,0
05/20/2024,16:00,63.02,64.53,62.95,64.24,37269511,0
05/21/2024,16:00,63.44,64.67,63.35,64.57,31156965,0
05/22/2024,16:00,64.69,65.00,63.42,64.53,40019688,0
05/23/2024,16:00,66.50,66.51,62.80,63.57,65438940,0
05/24/2024,16:00,64.25,65.89,63.94,65.35,41279013,0
05/28/2024,16:00,65.86,66.10,64.80,66.06,41593155,0
05/29/2024,16:00,64.24,65.44,64.20,64.68,39641112,0
05/30/2024,16:00,64.25,64.30,61.99,62.60,42782383,0
05/31/2024,16:00,62.60,62.89,58.96,62.53,71873156,0
06/03/2024,16:00,63.73,64.15,60.96,63.14,55717481,0
06/04/2024,16:00,63.00,64.13,62.27,63.61,44245905,0
06/05/2024,16:00,65.12,67.48,64.65,67.45,52435719,0
06/06/2024,16:00,67.74,67.88,66.85,67.37,36515552,0
06/07/2024,16:00,67.12,68.33,66.62,67.12,44971673,0
06/10/2024,16:00,66.59,68.06,66.48,67.83,36226832,0
06/11/2024,16:00,67.32,69.32,66.66,69.23,35693367,0
06/12/2024,16:00,71.01,73.02,70.72,71.96,62201343,0
06/13/2024,16:00,73.57,73.89,72.07,73.11,43642505,0
06/14/2024,16:00,72.95,74.21,72.73,74.17,35777482,0
06/17/2024,16:00,74.28,77.72,73.67,76.86,46677296,0
06/18/2024,16:00,76.83,77.23,76.06,76.90,33216648,0
06/20/2024,16:00,77.46,77.66,74.22,75.09,52727537,0
06/21/2024,16:00,74.90,75.53,73.72,74.40,38856467,0
06/24/2024,16:00,73.82,74.63,71.80,71.88,46877274,0
06/25/2024,16:00,72.79,74.43,72.37,74.28,39304329,0
06/26/2024,16:00,73.60,74.70,73.41,74.46,36274772,0
06/27/2024,16:00,74.32,75.70,73.92,75.00,37057738,0
06/28/2024,16:00,75.29,77.53,73.45,73.82,53901476,0
07/01/2024,16:00,74.16,75.29,72.42,75.03,43278690,0
07/02/2024,16:00,74.29,77.38,74.24,77.33,37475143,0
07/03/2024,16:00,76.95,79.31,76.95,79.23,28075243,0
07/05/2024,16:00,79.57,81.85,79.43,81.63,39812276,0
07/08/2024,16:00,81.81,82.47,81.28,82.17,36682849,0
07/09/2024,16:00,82.92,83.49,81.62,82.35,36186544,0
07/10/2024,16:00,83.32,85.20,82.67,84.93,38777428,0
07/11/2024,16:00,84.97,85.06,78.70,79.35,74664485,0
07/12/2024,16:00,79.51,82.94,79.30,80.64,50509879,0
07/15/2024,16:00,81.47,83.62,80.23,81.24,54950241,0
07/16/2024,16:00,81.94,82.35,79.74,81.30,41818796,0
07/17/2024,16:00,77.33,77.57,74.09,74.15,71420013,0
07/18/2024,16:00,75.81,75.92,71.55,73.04,67507561,0
07/19/2024,16:00,72.80,73.97,70.44,71.06,59124815,0
07/22/2024,16:00,73.65,74.63,72.12,74.16,56404284,0
07/23/2024,16:00,73.73,75.13,73.14,73.36,43563549,0
07/24/2024,16:00,70.23,70.38,65.05,65.45,79787624,0
07/25/2024,16:00,65.56,67.34,62.13,63.27,94063997,0
07/26/2024,16:00,65.00,66.34,63.78,65.08,68703452,0
07/29/2024,16:00,66.27,67.19,64.52,65.46,57820438,0
07/30/2024,16:00,66.28,66.59,61.34,62.79,71531847,0
07/31/2024,16:00,66.98,69.00,66.38,68.28,86704189,0
08/01/2024,16:00,68.58,70.22,61.70,63.36,105346568,0
08/02/2024,16:00,59.65,60.72,57.00,58.74,104922004,0
08/05/2024,16:00,49.33,56.19,48.80,53.62,143962225,0
08/06/2024,16:00,54.13,57.75,53.14,54.96,96454662,0
08/07/2024,16:00,57.57,58.51,53.00,53.19,91375823,0
08/08/2024,16:00,55.45,58.35,54.01,58.06,76439627,0
08/09/2024,16:00,57.44,59.53,57.00,58.85,62796186,0
08/12/2024,16:00,59.23,60.40,58.11,59.25,54486320,0
08/13/2024,16:00,60.96,63.71,60.90,63.56,54481434,0
08/14/2024,16:00,63.99,64.64,61.87,63.67,62355289,0
08/15/2024,16:00,66.13,68.63,65.99,68.46,53212430,0
08/16/2024,16:00,67.62,69.26,67.19,68.64,44837575,0
08/19/2024,16:00,68.68,71.35,67.89,71.30,45799924,0
08/20/2024,16:00,70.90,72.06,70.09,70.86,48929477,0
08/21/2024,16:00,71.18,72.66,70.42,71.83,51500357,0
08/22/2024,16:00,72.86,73.16,67.92,68.38,63748239,0
08/23/2024,16:00,70.20,71.72,68.50,70.53,64376646,0
08/26/2024,16:00,70.27,70.67,67.53,68.46,42490653,0
08/27/2024,16:00,67.73,69.50,66.85,69.04,35766295,0
08/28/2024,16:00,68.80,69.12,65.16,66.70,59312900,0
08/29/2024,16:00,67.45,69.43,65.79,66.35,60016829,0
08/30/2024,16:00,68.12,68.87,66.18,68.61,46473387,0
09/03/2024,16:00,67.26,67.32,61.29,62.35,73786277,0
09/04/2024,16:00,61.04,63.37,60.65,61.82,48399189,0
09/05/2024,16:00,61.14,63.72,60.72,62.02,55085757,0
09/06/2024,16:00,61.61,61.97,56.72,56.99,84952304,0
09/09/2024,16:00,58.57,59.49,57.34,59.11,55417464,0
09/10/2024,16:00,59.78,60.92,58.20,60.70,45791205,0
09/11/2024,16:00,61.18,64.95,57.77,64.57,81737591,0
09/12/2024,16:00,64.63,66.89,63.89,66.48,55173519,0
09/13/2024,16:00,66.15,67.87,66.05,67.35,43983294,0
09/16/2024,16:00,66.42,66.71,65.03,66.45,41165537,0
09/17/2024,16:00,67.70,68.26,65.47,66.49,51557229,0
09/18/2024,16:00,67.02,68.76,65.39,65.62,83198097,0
09/19/2024,16:00,70.30,71.80,69.41,70.58,57400669,0
09/20/2024,16:00,70.15,70.68,68.31,70.13,48379784,0
09/23/2024,16:00,70.62,71.15,70.04,70.65,34918520,0
09/24/2024,16:00,71.28,72.09,69.38,71.65,40629758,0
09/25/2024,16:00,71.14,72.49,71.06,71.67,32362441,0
09/26/2024,16:00,74.92,75.07,71.58,73.19,53501578,0
09/27/2024,16:00,73.62,73.66,71.39,71.93,41465342,0
09/30/2024,16:00,71.46,72.62,70.18,72.49,43166952,0
10/01/2024,16:00,72.28,72.43,67.70,69.42,67380086,0
10/02/2024,16:00,69.01,70.54,67.87,69.68,39559677,0
10/03/2024,16:00,68.73,70.81,68.39,69.52,48874717,0
10/04/2024,16:00,72.00,72.16,69.78,71.97,55465010,0
10/07/2024,16:00,71.05,71.58,69.06,69.60,41201718,0
10/08/2024,16:00,70.66,72.98,70.31,72.62,38957040,0
10/09/2024,16:00,72.52,74.63,72.06,74.37,39348133,0
10/10/2024,16:00,73.32,74.95,72.72,74.11,43030297,0
10/11/2024,16:00,73.17,74.80,72.90,74.30,35367615,0
10/14/2024,16:00,75.44,76.82,75.21,76.20,33845634,0
10/15/2024,16:00,76.35,76.65,72.14,73.16,53153846,0
10/16/2024,16:00,73.24,73.49,71.67,73.12,35392097,0
10/17/2024,16:00,75.58,75.60,73.25,73.34,48848851,0
10/18/2024,16:00,74.46,75.15,74.13,74.64,32075848,0
10/21/2024,16:00,74.06,75.42,73.18,75.05,37497864,0
10/22/2024,16:00,73.81,75.95,73.46,75.27,38153991,0
10/23/2024,16:00,74.17,74.47,70.28,71.79,59086068,0
10/24/2024,16:00,73.42,73.80,72.24,73.50,39306370,0
10/25/2024,16:00,74.70,77.00,74.39,74.74,57413024,0
10/28/2024,16:00,76.19,76.19,74.66,74.81,34581140,0
10/29/2024,16:00,74.93,77.46,74.07,76.88,39272579,0
10/30/2024,16:00,76.55,76.98,74.94,75.17,40236564,0
10/31/2024,16:00,73.31,73.33,69.43,69.45,69452559,0
11/01/2024,16:00,70.08,72.36,69.97,70.93,48339443,0
11/04/2024,16:00,70.64,71.76,69.51,70.27,41107180,0
11/05/2024,16:00,70.95,73.24,70.92,72.94,39676266,0
11/06/2024,16:00,76.66,79.22,76.19,78.86,59397067,0
11/07/2024,16:00,80.16,82.93,80.10,82.55,49772598,0
11/08/2024,16:00,82.22,83.11,81.91,82.75,35029951,0
11/11/2024,16:00,83.33,83.43,81.18,82.60,35403035,0
11/12/2024,16:00,82.54,82.97,80.65,82.15,34143025,0
11/13/2024,16:00,81.86,83.09,80.68,81.79,37494539,0
11/14/2024,16:00,81.59,82.03,79.62,80.06,38825655,0
11/15/2024,16:00,77.27,77.45,73.29,74.27,60300765,0
11/18/2024,16:00,74.93,76.74,74.31,75.77,38982617,0
11/19/2024,16:00,74.55,77.55,74.42,77.29,40044137,0
11/20/2024,16:00,77.15,77.29,74.11,77.20,50630319,0
11/21/2024,16:00,78.55,78.88,74.56,77.96,54932767,0
11/22/2024,16:00,77.64,78.61,76.88,78.25,39967439,0
11/25/2024,16:00,80.16,80.87,77.54,78.61,45757855,0
11/26/2024,16:00,79.29,80.25,78.89,79.83,34873599,0
11/27/2024,16:00,79.29,79.31,76.33,77.90,39231823,0
11/29/2024,16:00,78.13,80.17,77.85,79.89,20432861,0
12/02/2024,16:00,80.48,82.95,80.29,82.48,36819091,0
12/03/2024,16:00,81.80,83.33,81.53,83.21,42405439,0
12/04/2024,16:00,84.87,86.37,84.51,86.25,34996280,0
12/05/2024,16:00,86.25,86.64,85.34,85.54,27010202,0
12/06/2024,16:00,85.78,87.87,85.72,87.74,31370339,0
12/09/2024,16:00,87.25,87.66,85.08,85.69,34788751,0
12/10/2024,16:00,86.25,87.12,84.05,84.76,35770777,0
12/11/2024,16:00,86.88,89.62,86.68,89.29,37448946,0
12/12/2024,16:00,88.13,88.77,87.28,87.52,33174152,0
12/13/2024,16:00,89.42,90.77,87.85,89.40,39831847,0
12/16/2024,16:00,90.72,93.79,90.67,93.29,34983844,0
12/17/2024,16:00,92.33,92.91,91.17,92.04,34584080,0
12/18/2024,16:00,91.65,92.57,81.29,82.09,67424578,0
12/19/2024,16:00,84.27,84.53,80.75,80.93,56658794,0
12/20/2024,16:00,79.06,85.86,78.50,83.03,72620472,0
12/23/2024,16:00,83.45,85.24,81.83,85.06,41822872,0
12/24/2024,16:00,85.95,88.48,85.64,88.44,24069774,0
12/26/2024,16:00,87.62,89.08,86.59,88.25,29802398,0
12/27/2024,16:00,86.37,86.59,82.28,84.66,51069489,0
12/30/2024,16:00,81.20,83.06,79.41,81.26,51422034,0
12/31/2024,16:00,81.80,82.16,78.68,79.13,55388142,0
01/02/2025,16:00,80.54,81.61,76.53,78.63,70685332,0
01/03/2025,16:00,79.99,82.91,79.62,82.40,46215782,0
01/06/2025,16:00,84.97,86.85,84.03,85.21,46025002,0
01/07/2025,16:00,85.72,85.89,79.71,80.62,55510477,0
01/08/2025,16:00,80.56,81.41,78.44,80.68,48010618,0
01/10/2025,16:00,78.80,78.82,75.23,76.83,72825832,0
01/13/2025,16:00,74.05,76.20,73.34,76.03,56691006,0
01/14/2025,16:00,77.48,78.06,74.19,75.76,62635450,0
01/15/2025,16:00,79.31,81.48,78.60,80.88,53459576,0
01/16/2025,16:00,82.01,82.05,79.20,79.23,46527715,0
01/17/2025,16:00,83.69,83.94,81.84,83.14,43676083,0
01/21/2025,16:00,84.45,85.15,82.33,84.52,41725896,0
01/22/2025,16:00,86.84,88.91,86.71,87.80,43132663,0
01/23/2025,16:00,86.54,88.38,86.27,88.34,30240482,0
01/24/2025,16:00,88.43,88.83,86.01,86.75,36239633,0
01/27/2025,16:00,77.58,81.03,77.18,79.14,80910839,0
01/28/2025,16:00,79.58,83.17,78.00,82.65,50516695,0
01/29/2025,16:00,82.91,82.98,80.26,82.14,59240550,0
01/30/2025,16:00,83.47,84.59,80.86,83.17,57585510,0
01/31/2025,16:00,84.92,87.09,82.18,82.72,59334629,0
02/03/2025,16:00,78.53,81.99,77.34,80.72,76628493,0
02/04/2025,16:00,80.91,83.94,80.73,83.65,42317266,0
02/05/2025,16:00,82.35,84.82,81.76,84.74,39847434,0
02/06/2025,16:00,84.96,86.13,84.19,86.01,38215508,0
02/07/2025,16:00,86.26,87.19,82.35,82.73,55435239,0
02/10/2025,16:00,84.73,86.20,84.50,85.64,32797059,0
02/11/2025,16:00,84.07,85.99,84.01,85.03,31301402,0
02/12/2025,16:00,82.28,85.61,82.10,85.20,48493304,0
02/13/2025,16:00,85.98,88.96,85.58,88.79,46460081,0
02/14/2025,16:00,88.81,90.18,88.60,89.83,38028741,0
02/18/2025,16:00,90.63,90.75,88.75,90.39,34412579,0
02/19/2025,16:00,90.00,91.12,88.92,90.40,34257893,0
02/20/2025,16:00,90.05,90.23,86.89,89.30,40133030,0
02/21/2025,16:00,89.77,89.79,83.47,83.71,59313609,0
02/24/2025,16:00,84.50,85.05,80.50,80.70,53233725,0
02/25/2025,16:00,80.33,80.38,75.78,77.62,75597231,0
02/26/2025,16:00,78.58,80.45,76.69,78.12,63175733,0
02/27/2025,16:00,79.72,80.17,71.48,71.64,103375523,0
02/28/2025,16:00,71.46,75.17,70.08,74.92,93178974,0
03/03/2025,16:00,76.37,77.05,68.44,70.08,91945843,0
03/04/2025,16:00,68.76,72.77,66.01,69.31,130836942,0
03/05/2025,16:00,69.55,72.69,67.49,72.01,100633296,0
03/06/2025,16:00,68.39,70.50,65.17,66.04,122822703,0
03/07/2025,16:00,65.56,68.01,62.89,67.41,135177332,0
03/10/2025,16:00,64.00,64.19,57.88,59.81,156135791,0
03/11/2025,16:00,59.40,61.85,57.37,59.11,139489295,0
03/12/2025,16:00,61.94,62.66,59.16,61.13,141918576,0
03/13/2025,16:00,60.80,60.85,57.04,57.79,121227286,0
03/14/2025,16:00,59.71,62.23,59.50,61.89,99108544,0
03/17/2025,16:00,61.88,64.28,61.15,63.09,90150374,0
03/18/2025,16:00,61.77,61.78,59.01,59.91,87826225,0
03/19/2025,16:00,60.68,63.91,59.94,62.24,92593158,0
03/20/2025,16:00,60.66,63.63,60.37,61.60,88409063,0
03/21/2025,16:00,59.53,62.42,59.07,62.18,80490984,0
03/24/2025,16:00,65.06,66.53,64.82,66.13,63411497,0
03/25/2025,16:00,66.48,67.37,66.09,67.31,55569695,0
03/26/2025,16:00,66.64,66.99,62.76,63.38,79567687,0
03/27/2025,16:00,62.60,64.23,61.75,62.30,72368042,0
03/28/2025,16:00,61.54,61.81,56.97,57.34,103632136,0
03/31/2025,16:00,54.72,57.63,53.04,57.30,106854450,0
04/01/2025,16:00,56.68,58.99,55.62,58.62,97098166,0
04/02/2025,16:00,56.19,61.20,56.09,59.93,123087357,0
04/03/2025,16:00,52.43,53.83,50.11,50.30,140115741,0
04/04/2025,16:00,45.99,46.78,41.03,41.09,258026677,0
04/07/2025,16:00,36.75,46.83,35.00,41.25,395727627,0
04/08/2025,16:00,45.39,46.81,37.10,38.90,251147696,0
04/09/2025,16:00,38.76,53.41,38.73,52.61,356932034,0
04/10/2025,16:00,48.68,49.34,41.57,46.14,281692729,0
04/11/2025,16:00,45.67,49.07,44.62,48.58,179292899,0
04/14/2025,16:00,51.90,52.05,48.07,49.60,147430727,0
04/15/2025,16:00,49.96,51.21,49.19,49.79,104670056,0
04/16/2025,16:00,46.83,48.01,43.16,45.29,134574359,0
04/17/2025,16:00,46.09,46.29,44.35,45.16,101095831,0
04/21/2025,16:00,43.37,43.64,40.24,41.86,114769688,0
04/22/2025,16:00,43.46,45.98,43.10,45.06,130111434,0
04/23/2025,16:00,49.24,50.83,47.63,48.05,151997725,0
04/24/2025,16:00,48.74,52.28,48.54,52.14,120307701,0
04/25/2025,16:00,52.04,54.07,51.48,53.86,113051563,0
04/28/2025,16:00,54.02,54.64,51.64,53.82,95678446,0
04/29/2025,16:00,53.04,55.17,52.83,54.87,84904015,0
04/30/2025,16:00,51.96,55.42,50.32,54.88,134223296,0
05/01/2025,16:00,57.56,58.89,56.63,56.77,102740841,0
05/02/2025,16:00,58.64,60.19,58.03,59.43,97548936,0
05/05/2025,16:00,57.90,59.50,57.70,58.40,69289492,0
05/06/2025,16:00,56.06,58.04,55.57,56.74,82942944,0
05/07/2025,16:00,56.96,58.26,55.09,57.40,104368572,0
05/08/2025,16:00,59.20,60.71,57.66,59.11,98810788,0
05/09/2025,16:00,59.80,60.27,58.33,58.97,73409422,0
05/12/2025,16:00,65.85,66.16,63.85,66.11,101244950,0
05/13/2025,16:00,66.67,69.86,66.36,69.14,85297723,0
05/14/2025,16:00,69.61,70.61,69.21,70.36,80592386,0
05/15/2025,16:00,69.48,71.69,68.93,70.58,80847372,0
05/16/2025,16:00,71.11,71.52,69.65,71.45,63813609,0
05/19/2025,16:00,68.47,71.86,68.43,71.64,71897093,0
05/20/2025,16:00,70.58,71.17,69.40,70.89,67034708,0
05/21/2025,16:00,69.24,71.99,67.18,67.94,109627584,0
05/22/2025,16:00,68.16,69.75,67.62,68.29,86771006,0
05/23/2025,16:00,65.09,67.34,64.86,66.32,107110438,0
05/27/2025,16:00,68.99,71.15,68.39,70.94,65269766,0
05/28/2025,16:00,71.34,71.94,69.78,70.03,66271337,0
05/29/2025,16:00,73.00,73.06,69.33,70.37,97717242,0
05/30/2025,16:00,70.13,70.60,67.04,70.00,93559149,0
06/02/2025,16:00,69.20,71.72,68.69,71.61,68962708,0
06/03/2025,16:00,71.76,73.88,71.40,73.28,64364182,0
06/04/2025,16:00,73.58,74.32,72.71,73.87,64444452,0
06/05/2025,16:00,74.45,75.65,71.30,72.15,99512462,0
06/06/2025,16:00,74.27,75.01,73.54,74.21,65607693,0
06/09/2025,16:00,74.31,75.24,73.84,74.54,50181894,0
06/10/2025,16:00,74.71,76.29,73.76,75.98,61346475,0
06/11/2025,16:00,76.59,77.08,74.22,75.20,90825988,0
06/12/2025,16:00,74.60,76.13,74.52,75.69,63055008,0
06/13/2025,16:00,73.10,74.89,72.27,72.83,105333080,0
06/16/2025,16:00,74.22,76.25,74.22,75.80,58334341,0
06/17/2025,16:00,74.68,75.38,73.08,73.56,67709094,0
06/18/2025,16:00,73.92,74.96,72.84,73.46,71330708,0
06/20/2025,16:00,74.76,75.33,71.72,72.45,81677450,0
06/23/2025,16:00,72.73,74.93,71.42,74.70,83786355,0
06/24/2025,16:00,76.91,78.51,76.66,78.10,56595750,0
06/25/2025,16:00,78.88,79.42,77.72,78.48,50719073,0
06/26/2025,16:00,79.42,80.85,78.62,80.63,50072093,0
06/27/2025,16:00,81.03,82.25,79.85,81.42,73011781,0
06/30/2025,16:00,82.80,83.49,81.83,83.00,56860730,0
07/01/2025,16:00,82.12,82.54,79.81,80.89,70194973,0
07/02/2025,16:00,80.46,82.59,80.43,82.50,50142531,0
07/03/2025,16:00,83.49,85.29,83.49,84.81,41742302,0
07/07/2025,16:00,83.60,83.97,81.80,82.92,69837376,0
07/08/2025,16:00,83.48,83.78,82.47,83.03,57757712,0
07/09/2025,16:00,83.97,85.39,83.35,84.75,58988125,0
07/10/2025,16:00,85.03,85.22,83.14,84.36,55158885,0
07/11/2025,16:00,83.32,84.45,82.75,83.72,53468792,0
07/14/2025,16:00,83.63,84.94,82.55,84.61,48655739,0
07/15/2025,16:00,86.43,86.67,84.80,84.83,61628768,0
07/16/2025,16:00,85.06,85.35,82.44,85.07,83178817,0
07/17/2025,16:00,85.37,87.32,85.00,87.05,48665426,0
07/18/2025,16:00,87.64,87.74,86.19,86.75,49248128,0
07/21/2025,16:00,87.15,88.98,87.12,88.07,43860151,0
07/22/2025,16:00,88.13,88.16,85.47,86.70,54172638,0
07/23/2025,16:00,87.18,87.88,85.90,87.84,59012615,0
07/24/2025,16:00,88.45,88.96,87.60,88.42,45189135,0
07/25/2025,16:00,88.31,89.58,87.98,88.92,39501591,0
07/28/2025,16:00,89.59,90.19,89.18,89.79,47795992,0
07/29/2025,16:00,90.99,91.63,88.98,89.38,58125579,0
07/30/2025,16:00,89.74,90.88,88.26,89.69,72763814,0
07/31/2025,16:00,92.71,92.75,87.66,88.21,89437328,0
08/01/2025,16:00,85.25,85.32,81.86,82.92,109890608,0
08/04/2025,16:00,85.22,87.57,85.16,87.46,54292974,0
08/05/2025,16:00,88.05,88.61,85.42,85.64,76044162,0
08/06/2025,16:00,86.03,89.07,85.81,88.84,64497633,0
08/07/2025,16:00,90.89,91.67,87.82,89.74,84619574,0
08/08/2025,16:00,90.24,92.28,90.10,92.16,52261337,0
08/11/2025,16:00,92.23,93.24,90.72,91.35,47308495,0
08/12/2025,16:00,92.42,94.89,91.13,94.72,60138981,0
08/13/2025,16:00,96.05,96.32,94.18,94.86,48029255,0
08/14/2025,16:00,93.84,95.59,93.64,94.60,53192875,0
08/15/2025,16:00,94.47,94.51,92.42,93.26,48083699,0
08/18/2025,16:00,92.80,93.46,92.23,93.14,36685677,0
08/19/2025,16:00,92.77,92.86,88.82,89.34,55559321,0
08/20/2025,16:00,88.83,88.89,84.38,87.71,82202129,0
08/21/2025,16:00,86.95,87.95,85.39,86.49,59959971,0
08/22/2025,16:00,87.02,91.32,86.37,90.38,66363241,0
08/25/2025,16:00,89.62,90.98,89.03,89.59,40226284,0
08/26/2025,16:00,89.31,90.77,88.84,90.63,42187299,0
08/27/2025,16:00,90.14,91.44,89.54,91.04,45027590,0
08/28/2025,16:00,91.28,93.11,90.51,92.70,45328999,0
08/29/2025,16:00,91.42,91.59,88.49,89.36,60943503,0
09/02/2025,16:00,85.11,87.24,84.25,87.08,83334035,0
09/03/2025,16:00,88.73,89.88,87.59,89.11,59964901,0
09/04/2025,16:00,89.40,91.66,88.62,91.52,50879842,0
09/05/2025,16:00,93.94,94.24,89.69,91.82,86312867,0
09/08/2025,16:00,92.91,94.10,92.64,93.13,50848372,0
09/09/2025,16:00,93.50,94.11,92.24,93.89,47310374,0
09/10/2025,16:00,95.45,95.46,92.94,93.99,60409405,0
09/11/2025,16:00,95.19,95.98,94.41,95.57,45623565,0
09/12/2025,16:00,95.96,97.37,95.53,96.76,46117618,0
09/15/2025,16:00,97.64,99.27,97.57,99.23,39057176,0
09/16/2025,16:00,99.67,99.81,98.61,98.96,38568574,0
09/17/2025,16:00,98.89,99.20,95.51,98.33,73848571,0
09/18/2025,16:00,100.76,102.37,99.79,100.98,61700782,0
09/19/2025,16:00,101.88,103.29,101.15,102.98,42182694,0
09/22/2025,16:00,102.42,105.08,102.42,104.72,40527290,0
09/23/2025,16:00,104.79,104.90,101.98,102.61,49965276,0
09/24/2025,16:00,103.21,103.36,99.99,101.41,50527807,0
09/25/2025,16:00,99.40,100.87,97.50,100.05,61410295,0
09/26/2025,16:00,100.40,101.38,98.74,101.25,62048678,0
09/29/2025,16:00,102.79,104.28,101.94,102.60,46196553,0
09/30/2025,16:00,102.41,103.57,101.22,103.40,46161927,0
